tempo 50000
note 1 3 3 1 0
note 4 6 1 76 64
note 7 9 1 76 64
note 13 15 1 76 64
note 19 21 1 72 64
note 22 24 1 76 64
note 28 30 1 79 64
note 52 54 1 72 64
note 61 63 1 67 64
note 70 72 1 64 64
note 79 81 1 69 64
note 85 87 1 71 64
note 91 93 1 70 64
note 94 96 1 69 64
note 100 102 1 67 64
note 104 106 1 76 64
note 108 110 1 79 64
note 112 114 1 81 64
note 118 120 1 77 64
note 121 123 1 79 64
note 127 129 1 76 64
note 133 135 1 72 64
note 136 138 1 74 64
note 139 141 1 71 64
note 148 150 1 72 64
note 157 159 1 67 64
note 166 168 1 64 64
note 175 177 1 69 64
note 181 183 1 71 64
note 187 189 1 70 64
note 190 192 1 69 64
note 196 198 1 67 64
note 200 202 1 76 64
note 204 206 1 79 64
note 208 210 1 81 64
note 214 216 1 77 64
note 217 219 1 79 64
note 223 225 1 76 64
note 229 231 1 72 64
note 232 234 1 74 64
note 235 237 1 71 64
note 250 252 1 79 64
note 253 255 1 78 64
note 256 258 1 77 64
note 259 261 1 75 64
note 265 267 1 76 64
note 271 273 1 68 64
note 274 276 1 69 64
note 277 279 1 72 64
note 283 285 1 69 64
note 286 288 1 72 64
note 289 291 1 74 64
note 298 300 1 79 64
note 301 303 1 78 64
note 304 306 1 77 64
note 307 309 1 75 64
note 313 315 1 76 64
note 319 321 1 84 64
note 325 327 1 84 64
note 328 330 1 84 64
note 346 348 1 79 64
note 349 351 1 78 64
note 352 354 1 77 64
note 355 357 1 75 64
note 361 363 1 76 64
note 367 369 1 68 64
note 370 372 1 69 64
note 373 375 1 72 64
note 379 381 1 69 64
note 382 384 1 72 64
note 385 387 1 74 64
note 394 396 1 75 64
note 403 405 1 74 64
note 412 414 1 72 64
note 442 444 1 79 64
note 445 447 1 78 64
note 448 450 1 77 64
note 451 453 1 75 64
note 457 459 1 76 64
note 463 465 1 68 64
note 466 468 1 69 64
note 469 471 1 72 64
note 475 477 1 69 64
note 478 480 1 72 64
note 481 483 1 74 64
note 490 492 1 79 64
note 493 495 1 78 64
note 496 498 1 77 64
note 499 501 1 75 64
note 505 507 1 76 64
note 511 513 1 84 64
note 517 519 1 84 64
note 520 522 1 84 64
note 538 540 1 79 64
note 541 543 1 78 64
note 544 546 1 77 64
note 547 549 1 75 64
note 553 555 1 76 64
note 559 561 1 68 64
note 562 564 1 69 64
note 565 567 1 72 64
note 571 573 1 69 64
note 574 576 1 72 64
note 577 579 1 74 64
note 586 588 1 75 64
note 595 597 1 74 64
note 604 606 1 72 64
note 628 630 1 72 64
note 631 633 1 72 64
note 637 639 1 72 64
note 643 645 1 72 64
note 646 648 1 74 64
note 652 654 1 76 64
note 655 657 1 72 64
note 661 663 1 69 64
note 664 666 1 67 64
note 676 678 1 72 64
note 679 681 1 72 64
note 685 687 1 72 64
note 691 693 1 72 64
note 694 696 1 74 64
note 697 699 1 76 64
note 724 726 1 72 64
note 727 729 1 72 64
note 733 735 1 72 64
note 739 741 1 72 64
note 742 744 1 74 64
note 748 750 1 76 64
note 751 753 1 72 64
note 757 759 1 69 64
note 760 762 1 67 64
note 772 774 1 76 64
note 775 777 1 76 64
note 781 783 1 76 64
note 787 789 1 72 64
note 790 792 1 76 64
note 796 798 1 79 64
note 820 822 1 72 64
note 829 831 1 67 64
note 838 840 1 64 64
note 847 849 1 69 64
note 853 855 1 71 64
note 859 861 1 70 64
note 862 864 1 69 64
note 868 870 1 67 64
note 872 874 1 76 64
note 876 878 1 79 64
note 880 882 1 81 64
note 886 888 1 77 64
note 889 891 1 79 64
note 895 897 1 76 64
note 901 903 1 72 64
note 904 906 1 74 64
note 907 909 1 71 64
note 916 918 1 72 64
note 925 927 1 67 64
note 934 936 1 64 64
note 943 945 1 69 64
note 949 951 1 71 64
note 955 957 1 70 64
note 958 960 1 69 64
note 964 966 1 67 64
note 968 970 1 76 64
note 972 974 1 79 64
note 976 978 1 81 64
note 982 984 1 77 64
note 985 987 1 79 64
note 991 993 1 76 64
note 997 999 1 72 64
note 1000 1002 1 74 64
note 1003 1005 1 71 64
note 1012 1014 1 76 64
note 1015 1017 1 72 64
note 1021 1023 1 67 64
note 1030 1032 1 68 64
note 1036 1038 1 69 64
note 1039 1041 1 77 64
note 1045 1047 1 77 64
note 1048 1050 1 69 64
note 1060 1062 1 71 64
note 1064 1066 1 81 64
note 1068 1070 1 81 64
note 1072 1074 1 81 64
note 1076 1078 1 79 64
note 1080 1082 1 77 64
note 1084 1086 1 76 64
note 1087 1089 1 72 64
note 1093 1095 1 69 64
note 1096 1098 1 67 64
note 1108 1110 1 76 64
note 1111 1113 1 72 64
note 1117 1119 1 67 64
note 1126 1128 1 68 64
note 1132 1134 1 69 64
note 1135 1137 1 77 64
note 1141 1143 1 77 64
note 1144 1146 1 69 64
note 1156 1158 1 71 64
note 1159 1161 1 77 64
note 1165 1167 1 77 64
note 1168 1170 1 77 64
note 1172 1174 1 76 64
note 1176 1178 1 74 64
note 1180 1182 1 72 64
note 1204 1206 1 76 64
note 1207 1209 1 72 64
note 1213 1215 1 67 64
note 1222 1224 1 68 64
note 1228 1230 1 69 64
note 1231 1233 1 77 64
note 1237 1239 1 77 64
note 1240 1242 1 69 64
note 1252 1254 1 71 64
note 1256 1258 1 81 64
note 1260 1262 1 81 64
note 1264 1266 1 81 64
note 1268 1270 1 79 64
note 1272 1274 1 77 64
note 1276 1278 1 76 64
note 1279 1281 1 72 64
note 1285 1287 1 69 64
note 1288 1290 1 67 64
note 1300 1302 1 76 64
note 1303 1305 1 72 64
note 1309 1311 1 67 64
note 1318 1320 1 68 64
note 1324 1326 1 69 64
note 1327 1329 1 77 64
note 1333 1335 1 77 64
note 1336 1338 1 69 64
note 1348 1350 1 71 64
note 1351 1353 1 77 64
note 1357 1359 1 77 64
note 1360 1362 1 77 64
note 1364 1366 1 76 64
note 1368 1370 1 74 64
note 1372 1374 1 72 64
note 1396 1398 1 72 64
note 1399 1401 1 72 64
note 1405 1407 1 72 64
note 1411 1413 1 72 64
note 1414 1416 1 74 64
note 1420 1422 1 76 64
note 1423 1425 1 72 64
note 1429 1431 1 69 64
note 1432 1434 1 67 64
note 1444 1446 1 72 64
note 1447 1449 1 72 64
note 1453 1455 1 72 64
note 1459 1461 1 72 64
note 1462 1464 1 74 64
note 1465 1467 1 76 64
note 1492 1494 1 72 64
note 1495 1497 1 72 64
note 1501 1503 1 72 64
note 1507 1509 1 72 64
note 1510 1512 1 74 64
note 1516 1518 1 76 64
note 1519 1521 1 72 64
note 1525 1527 1 69 64
note 1528 1530 1 67 64
note 1540 1542 1 76 64
note 1543 1545 1 76 64
note 1549 1551 1 76 64
note 1555 1557 1 72 64
note 1558 1560 1 76 64
note 1564 1566 1 79 64
note 1588 1590 1 76 64
note 1591 1593 1 72 64
note 1597 1599 1 67 64
note 1606 1608 1 68 64
note 1612 1614 1 69 64
note 1615 1617 1 77 64
note 1621 1623 1 77 64
note 1624 1626 1 69 64
note 1636 1638 1 71 64
note 1640 1642 1 81 64
note 1644 1646 1 81 64
note 1648 1650 1 81 64
note 1652 1654 1 79 64
note 1656 1658 1 77 64
note 1660 1662 1 76 64
note 1663 1665 1 72 64
note 1669 1671 1 69 64
note 1672 1674 1 67 64
note 1684 1686 1 76 64
note 1687 1689 1 72 64
note 1693 1695 1 67 64
note 1702 1704 1 68 64
note 1708 1710 1 69 64
note 1711 1713 1 77 64
note 1717 1719 1 77 64
note 1720 1722 1 69 64
note 1732 1734 1 71 64
note 1735 1737 1 77 64
note 1741 1743 1 77 64
note 1744 1746 1 77 64
note 1748 1750 1 76 64
note 1752 1754 1 74 64
note 1756 1758 1 72 64
note 4 6 2 66 64
note 7 9 2 66 64
note 13 15 2 66 64
note 19 21 2 66 64
note 22 24 2 66 64
note 28 30 2 71 64
note 40 42 2 67 64
note 52 54 2 64 64
note 61 63 2 60 64
note 70 72 2 55 64
note 79 81 2 60 64
note 85 87 2 62 64
note 91 93 2 61 64
note 94 96 2 60 64
note 100 102 2 60 64
note 104 106 2 67 64
note 108 110 2 71 64
note 112 114 2 72 64
note 118 120 2 69 64
note 121 123 2 71 64
note 127 129 2 69 64
note 133 135 2 64 64
note 136 138 2 65 64
note 139 141 2 62 64
note 148 150 2 64 64
note 157 159 2 60 64
note 166 168 2 55 64
note 175 177 2 60 64
note 181 183 2 62 64
note 187 189 2 61 64
note 190 192 2 60 64
note 196 198 2 60 64
note 200 202 2 67 64
note 204 206 2 71 64
note 208 210 2 72 64
note 214 216 2 69 64
note 217 219 2 71 64
note 223 225 2 69 64
note 229 231 2 64 64
note 232 234 2 65 64
note 235 237 2 62 64
note 250 252 2 76 64
note 253 255 2 75 64
note 256 258 2 74 64
note 259 261 2 71 64
note 265 267 2 72 64
note 271 273 2 64 64
note 274 276 2 65 64
note 277 279 2 67 64
note 283 285 2 60 64
note 286 288 2 64 64
note 289 291 2 65 64
note 298 300 2 76 64
note 301 303 2 75 64
note 304 306 2 74 64
note 307 309 2 71 64
note 313 315 2 72 64
note 319 321 2 77 64
note 325 327 2 77 64
note 328 330 2 77 64
note 346 348 2 76 64
note 349 351 2 75 64
note 352 354 2 74 64
note 355 357 2 71 64
note 361 363 2 72 64
note 367 369 2 64 64
note 370 372 2 65 64
note 373 375 2 67 64
note 379 381 2 60 64
note 382 384 2 64 64
note 385 387 2 65 64
note 394 396 2 68 64
note 403 405 2 65 64
note 412 414 2 64 64
note 442 444 2 76 64
note 445 447 2 75 64
note 448 450 2 74 64
note 451 453 2 71 64
note 457 459 2 72 64
note 463 465 2 64 64
note 466 468 2 65 64
note 469 471 2 67 64
note 475 477 2 60 64
note 478 480 2 64 64
note 481 483 2 65 64
note 490 492 2 76 64
note 493 495 2 75 64
note 496 498 2 74 64
note 499 501 2 71 64
note 505 507 2 72 64
note 511 513 2 77 64
note 517 519 2 77 64
note 520 522 2 77 64
note 538 540 2 76 64
note 541 543 2 75 64
note 544 546 2 74 64
note 547 549 2 71 64
note 553 555 2 72 64
note 559 561 2 64 64
note 562 564 2 65 64
note 565 567 2 67 64
note 571 573 2 60 64
note 574 576 2 64 64
note 577 579 2 65 64
note 586 588 2 68 64
note 595 597 2 65 64
note 604 606 2 64 64
note 628 630 2 68 64
note 631 633 2 68 64
note 637 639 2 68 64
note 643 645 2 68 64
note 646 648 2 70 64
note 652 654 2 67 64
note 655 657 2 64 64
note 661 663 2 64 64
note 664 666 2 60 64
note 676 678 2 68 64
note 679 681 2 68 64
note 685 687 2 68 64
note 691 693 2 68 64
note 694 696 2 70 64
note 697 699 2 67 64
note 724 726 2 68 64
note 727 729 2 68 64
note 733 735 2 68 64
note 739 741 2 68 64
note 742 744 2 70 64
note 748 750 2 67 64
note 751 753 2 64 64
note 757 759 2 64 64
note 760 762 2 60 64
note 772 774 2 66 64
note 775 777 2 66 64
note 781 783 2 66 64
note 787 789 2 66 64
note 790 792 2 66 64
note 796 798 2 71 64
note 808 810 2 67 64
note 820 822 2 64 64
note 829 831 2 60 64
note 838 840 2 55 64
note 847 849 2 60 64
note 853 855 2 62 64
note 859 861 2 61 64
note 862 864 2 60 64
note 868 870 2 60 64
note 872 874 2 67 64
note 876 878 2 71 64
note 880 882 2 72 64
note 886 888 2 69 64
note 889 891 2 71 64
note 895 897 2 69 64
note 901 903 2 64 64
note 904 906 2 65 64
note 907 909 2 62 64
note 916 918 2 64 64
note 925 927 2 60 64
note 934 936 2 55 64
note 943 945 2 60 64
note 949 951 2 62 64
note 955 957 2 61 64
note 958 960 2 60 64
note 964 966 2 60 64
note 968 970 2 67 64
note 972 974 2 71 64
note 976 978 2 72 64
note 982 984 2 69 64
note 985 987 2 71 64
note 991 993 2 69 64
note 997 999 2 64 64
note 1000 1002 2 65 64
note 1003 1005 2 62 64
note 1012 1014 2 72 64
note 1015 1017 2 69 64
note 1021 1023 2 64 64
note 1030 1032 2 64 64
note 1036 1038 2 65 64
note 1039 1041 2 72 64
note 1045 1047 2 72 64
note 1048 1050 2 65 64
note 1060 1062 2 67 64
note 1064 1066 2 77 64
note 1068 1070 2 77 64
note 1072 1074 2 77 64
note 1076 1078 2 76 64
note 1080 1082 2 74 64
note 1084 1086 2 72 64
note 1087 1089 2 69 64
note 1093 1095 2 65 64
note 1096 1098 2 64 64
note 1108 1110 2 72 64
note 1111 1113 2 69 64
note 1117 1119 2 64 64
note 1126 1128 2 64 64
note 1132 1134 2 65 64
note 1135 1137 2 72 64
note 1141 1143 2 72 64
note 1144 1146 2 65 64
note 1156 1158 2 67 64
note 1159 1161 2 74 64
note 1165 1167 2 74 64
note 1168 1170 2 74 64
note 1172 1174 2 72 64
note 1176 1178 2 71 64
note 1180 1182 2 67 64
note 1183 1185 2 64 64
note 1189 1191 2 64 64
note 1192 1194 2 60 64
note 1204 1206 2 72 64
note 1207 1209 2 69 64
note 1213 1215 2 64 64
note 1222 1224 2 64 64
note 1228 1230 2 65 64
note 1231 1233 2 72 64
note 1237 1239 2 72 64
note 1240 1242 2 65 64
note 1252 1254 2 67 64
note 1256 1258 2 77 64
note 1260 1262 2 77 64
note 1264 1266 2 77 64
note 1268 1270 2 76 64
note 1272 1274 2 74 64
note 1276 1278 2 72 64
note 1279 1281 2 69 64
note 1285 1287 2 65 64
note 1288 1290 2 64 64
note 1300 1302 2 72 64
note 1303 1305 2 69 64
note 1309 1311 2 64 64
note 1318 1320 2 64 64
note 1324 1326 2 65 64
note 1327 1329 2 72 64
note 1333 1335 2 72 64
note 1336 1338 2 65 64
note 1348 1350 2 67 64
note 1351 1353 2 74 64
note 1357 1359 2 74 64
note 1360 1362 2 74 64
note 1364 1366 2 72 64
note 1368 1370 2 71 64
note 1372 1374 2 67 64
note 1375 1377 2 64 64
note 1381 1383 2 64 64
note 1384 1386 2 60 64
note 1396 1398 2 68 64
note 1399 1401 2 68 64
note 1405 1407 2 68 64
note 1411 1413 2 68 64
note 1414 1416 2 70 64
note 1420 1422 2 67 64
note 1423 1425 2 64 64
note 1429 1431 2 64 64
note 1432 1434 2 60 64
note 1444 1446 2 68 64
note 1447 1449 2 68 64
note 1453 1455 2 68 64
note 1459 1461 2 68 64
note 1462 1464 2 70 64
note 1465 1467 2 67 64
note 1492 1494 2 68 64
note 1495 1497 2 68 64
note 1501 1503 2 68 64
note 1507 1509 2 68 64
note 1510 1512 2 70 64
note 1516 1518 2 67 64
note 1519 1521 2 64 64
note 1525 1527 2 64 64
note 1528 1530 2 60 64
note 1540 1542 2 66 64
note 1543 1545 2 66 64
note 1549 1551 2 66 64
note 1555 1557 2 66 64
note 1558 1560 2 66 64
note 1564 1566 2 71 64
note 1576 1578 2 67 64
note 1588 1590 2 72 64
note 1591 1593 2 69 64
note 1597 1599 2 64 64
note 1606 1608 2 64 64
note 1612 1614 2 65 64
note 1615 1617 2 72 64
note 1621 1623 2 72 64
note 1624 1626 2 65 64
note 1636 1638 2 67 64
note 1640 1642 2 77 64
note 1644 1646 2 77 64
note 1648 1650 2 77 64
note 1652 1654 2 76 64
note 1656 1658 2 74 64
note 1660 1662 2 72 64
note 1663 1665 2 69 64
note 1669 1671 2 65 64
note 1672 1674 2 64 64
note 1684 1686 2 72 64
note 1687 1689 2 69 64
note 1693 1695 2 64 64
note 1702 1704 2 64 64
note 1708 1710 2 65 64
note 1711 1713 2 72 64
note 1717 1719 2 72 64
note 1720 1722 2 65 64
note 1732 1734 2 67 64
note 1735 1737 2 74 64
note 1741 1743 2 74 64
note 1744 1746 2 74 64
note 1748 1750 2 72 64
note 1752 1754 2 71 64
note 1756 1758 2 67 64
note 1759 1761 2 64 64
note 1765 1767 2 64 64
note 1768 1770 2 60 64
note 4 6 3 50 64
note 7 9 3 50 64
note 13 15 3 50 64
note 19 21 3 50 64
note 22 24 3 50 64
note 28 30 3 67 64
note 40 42 3 55 64
note 52 54 3 55 64
note 61 63 3 52 64
note 70 72 3 48 64
note 79 81 3 53 64
note 85 87 3 55 64
note 91 93 3 54 64
note 94 96 3 53 64
note 100 102 3 52 64
note 104 106 3 60 64
note 108 110 3 64 64
note 112 114 3 65 64
note 118 120 3 62 64
note 121 123 3 64 64
note 127 129 3 60 64
note 133 135 3 57 64
note 136 138 3 59 64
note 139 141 3 55 64
note 148 150 3 55 64
note 157 159 3 52 64
note 166 168 3 48 64
note 175 177 3 53 64
note 181 183 3 55 64
note 187 189 3 54 64
note 190 192 3 53 64
note 196 198 3 52 64
note 200 202 3 60 64
note 204 206 3 64 64
note 208 210 3 65 64
note 214 216 3 62 64
note 217 219 3 64 64
note 223 225 3 60 64
note 229 231 3 57 64
note 232 234 3 59 64
note 235 237 3 55 64
note 244 246 3 48 64
note 253 255 3 55 64
note 262 264 3 60 64
note 268 270 3 53 64
note 277 279 3 60 64
note 280 282 3 60 64
note 286 288 3 53 64
note 292 294 3 48 64
note 301 303 3 52 64
note 310 312 3 55 64
note 313 315 3 60 64
note 319 321 3 79 64
note 325 327 3 79 64
note 328 330 3 79 64
note 334 336 3 55 64
note 340 342 3 48 64
note 349 351 3 55 64
note 358 360 3 60 64
note 364 366 3 53 64
note 373 375 3 60 64
note 376 378 3 60 64
note 382 384 3 53 64
note 388 390 3 48 64
note 394 396 3 56 64
note 403 405 3 58 64
note 412 414 3 60 64
note 421 423 3 55 64
note 424 426 3 55 64
note 430 432 3 48 64
note 436 438 3 48 64
note 445 447 3 55 64
note 454 456 3 60 64
note 460 462 3 53 64
note 469 471 3 60 64
note 472 474 3 60 64
note 478 480 3 53 64
note 484 486 3 48 64
note 493 495 3 52 64
note 502 504 3 55 64
note 505 507 3 60 64
note 511 513 3 79 64
note 517 519 3 79 64
note 520 522 3 79 64
note 526 528 3 55 64
note 532 534 3 48 64
note 541 543 3 55 64
note 550 552 3 60 64
note 556 558 3 53 64
note 565 567 3 60 64
note 568 570 3 60 64
note 574 576 3 53 64
note 580 582 3 48 64
note 586 588 3 56 64
note 595 597 3 58 64
note 604 606 3 60 64
note 613 615 3 55 64
note 616 618 3 55 64
note 622 624 3 48 64
note 628 630 3 44 64
note 637 639 3 51 64
note 646 648 3 56 64
note 652 654 3 55 64
note 661 663 3 48 64
note 670 672 3 43 64
note 676 678 3 44 64
note 685 687 3 51 64
note 694 696 3 56 64
note 700 702 3 55 64
note 709 711 3 48 64
note 718 720 3 43 64
note 724 726 3 44 64
note 733 735 3 51 64
note 742 744 3 56 64
note 748 750 3 55 64
note 757 759 3 48 64
note 766 768 3 43 64
note 772 774 3 50 64
note 775 777 3 50 64
note 781 783 3 50 64
note 787 789 3 50 64
note 790 792 3 50 64
note 796 798 3 67 64
note 808 810 3 55 64
note 820 822 3 55 64
note 829 831 3 52 64
note 838 840 3 48 64
note 847 849 3 53 64
note 853 855 3 55 64
note 859 861 3 54 64
note 862 864 3 53 64
note 868 870 3 52 64
note 872 874 3 60 64
note 876 878 3 64 64
note 880 882 3 65 64
note 886 888 3 62 64
note 889 891 3 64 64
note 895 897 3 60 64
note 901 903 3 57 64
note 904 906 3 59 64
note 907 909 3 55 64
note 916 918 3 55 64
note 925 927 3 52 64
note 934 936 3 48 64
note 943 945 3 53 64
note 949 951 3 55 64
note 955 957 3 54 64
note 958 960 3 53 64
note 964 966 3 52 64
note 968 970 3 60 64
note 972 974 3 64 64
note 976 978 3 65 64
note 982 984 3 62 64
note 985 987 3 64 64
note 991 993 3 60 64
note 997 999 3 57 64
note 1000 1002 3 59 64
note 1003 1005 3 55 64
note 1012 1014 3 48 64
note 1021 1023 3 54 64
note 1024 1026 3 55 64
note 1030 1032 3 60 64
note 1036 1038 3 53 64
note 1042 1044 3 53 64
note 1048 1050 3 60 64
note 1051 1053 3 60 64
note 1054 1056 3 53 64
note 1060 1062 3 50 64
note 1069 1071 3 53 64
note 1072 1074 3 55 64
note 1078 1080 3 59 64
note 1084 1086 3 55 64
note 1090 1092 3 55 64
note 1096 1098 3 60 64
note 1099 1101 3 60 64
note 1102 1104 3 55 64
note 1108 1110 3 48 64
note 1117 1119 3 54 64
note 1120 1122 3 55 64
note 1126 1128 3 60 64
note 1132 1134 3 53 64
note 1138 1140 3 53 64
note 1144 1146 3 60 64
note 1147 1149 3 60 64
note 1150 1152 3 53 64
note 1156 1158 3 55 64
note 1159 1161 3 55 64
note 1165 1167 3 55 64
note 1168 1170 3 55 64
note 1172 1174 3 57 64
note 1176 1178 3 59 64
note 1180 1182 3 60 64
note 1186 1188 3 55 64
note 1192 1194 3 48 64
note 1204 1206 3 48 64
note 1213 1215 3 54 64
note 1216 1218 3 55 64
note 1222 1224 3 60 64
note 1228 1230 3 53 64
note 1234 1236 3 53 64
note 1240 1242 3 60 64
note 1243 1245 3 60 64
note 1246 1248 3 53 64
note 1252 1254 3 50 64
note 1261 1263 3 53 64
note 1264 1266 3 55 64
note 1270 1272 3 59 64
note 1276 1278 3 55 64
note 1282 1284 3 55 64
note 1288 1290 3 60 64
note 1291 1293 3 60 64
note 1294 1296 3 55 64
note 1300 1302 3 48 64
note 1309 1311 3 54 64
note 1312 1314 3 55 64
note 1318 1320 3 60 64
note 1324 1326 3 53 64
note 1330 1332 3 53 64
note 1336 1338 3 60 64
note 1339 1341 3 60 64
note 1342 1344 3 53 64
note 1348 1350 3 55 64
note 1351 1353 3 55 64
note 1357 1359 3 55 64
note 1360 1362 3 55 64
note 1364 1366 3 57 64
note 1368 1370 3 59 64
note 1372 1374 3 60 64
note 1378 1380 3 55 64
note 1384 1386 3 48 64
note 1396 1398 3 44 64
note 1405 1407 3 51 64
note 1414 1416 3 56 64
note 1420 1422 3 55 64
note 1429 1431 3 48 64
note 1438 1440 3 43 64
note 1444 1446 3 44 64
note 1453 1455 3 51 64
note 1462 1464 3 56 64
note 1468 1470 3 55 64
note 1477 1479 3 48 64
note 1486 1488 3 43 64
note 1492 1494 3 44 64
note 1501 1503 3 51 64
note 1510 1512 3 56 64
note 1516 1518 3 55 64
note 1525 1527 3 48 64
note 1534 1536 3 43 64
note 1540 1542 3 50 64
note 1543 1545 3 50 64
note 1549 1551 3 50 64
note 1555 1557 3 50 64
note 1558 1560 3 50 64
note 1564 1566 3 67 64
note 1576 1578 3 55 64
note 1588 1590 3 48 64
note 1597 1599 3 54 64
note 1600 1602 3 55 64
note 1606 1608 3 60 64
note 1612 1614 3 53 64
note 1618 1620 3 53 64
note 1624 1626 3 60 64
note 1627 1629 3 60 64
note 1630 1632 3 53 64
note 1636 1638 3 50 64
note 1645 1647 3 53 64
note 1648 1650 3 55 64
note 1654 1656 3 59 64
note 1660 1662 3 55 64
note 1666 1668 3 55 64
note 1672 1674 3 60 64
note 1675 1677 3 60 64
note 1678 1680 3 55 64
note 1684 1686 3 48 64
note 1693 1695 3 54 64
note 1696 1698 3 55 64
note 1702 1704 3 60 64
note 1708 1710 3 53 64
note 1714 1716 3 53 64
note 1720 1722 3 60 64
note 1723 1725 3 60 64
note 1726 1728 3 53 64
note 1732 1734 3 55 64
note 1735 1737 3 55 64
note 1741 1743 3 55 64
note 1744 1746 3 55 64
note 1748 1750 3 57 64
note 1752 1754 3 59 64
note 1756 1758 3 60 64
note 1762 1764 3 55 64
note 1768 1770 3 48 64
note 4 8 10 42 64
note 10 12 10 42 64
note 13 17 10 42 64
note 19 21 10 42 64
note 22 26 10 42 64
note 28 32 10 42 64
note 37 41 10 42 64
note 43 45 10 42 64
note 46 48 10 42 64
note 49 51 10 42 64
note 52 54 10 42 64
note 58 60 10 42 64
note 62 64 10 42 64
note 64 68 10 42 64
note 70 72 10 42 64
note 74 76 10 42 64
note 76 78 10 42 64
note 82 84 10 42 64
note 86 88 10 42 64
note 88 92 10 42 64
note 94 96 10 42 64
note 98 100 10 42 64
note 100 102 10 42 64
note 106 108 10 42 64
note 110 112 10 42 64
note 112 116 10 42 64
note 118 120 10 42 64
note 122 124 10 42 64
note 124 126 10 42 64
note 130 132 10 42 64
note 134 136 10 42 64
note 136 140 10 42 64
note 142 144 10 42 64
note 146 148 10 42 64
note 148 150 10 42 64
note 154 156 10 42 64
note 158 160 10 42 64
note 160 164 10 42 64
note 166 168 10 42 64
note 170 172 10 42 64
note 172 174 10 42 64
note 178 180 10 42 64
note 182 184 10 42 64
note 184 188 10 42 64
note 190 192 10 42 64
note 194 196 10 42 64
note 196 198 10 42 64
note 202 204 10 42 64
note 206 208 10 42 64
note 208 212 10 42 64
note 214 216 10 42 64
note 218 220 10 42 64
note 220 222 10 42 64
note 226 228 10 42 64
note 230 232 10 42 64
note 232 236 10 42 64
note 238 240 10 42 64
note 242 244 10 42 64
note 244 246 10 42 64
note 250 252 10 42 64
note 254 256 10 42 64
note 256 260 10 42 64
note 262 264 10 42 64
note 266 268 10 42 64
note 268 270 10 42 64
note 274 276 10 42 64
note 278 280 10 42 64
note 280 284 10 42 64
note 286 288 10 42 64
note 290 292 10 42 64
note 292 294 10 42 64
note 298 300 10 42 64
note 302 304 10 42 64
note 304 308 10 42 64
note 310 312 10 42 64
note 314 316 10 42 64
note 316 318 10 42 64
note 322 324 10 42 64
note 326 328 10 42 64
note 328 332 10 42 64
note 334 336 10 42 64
note 338 340 10 42 64
note 340 342 10 42 64
note 346 348 10 42 64
note 350 352 10 42 64
note 352 356 10 42 64
note 358 360 10 42 64
note 362 364 10 42 64
note 364 366 10 42 64
note 370 372 10 42 64
note 374 376 10 42 64
note 376 380 10 42 64
note 382 384 10 42 64
note 386 388 10 42 64
note 388 390 10 42 64
note 394 396 10 42 64
note 398 400 10 42 64
note 400 404 10 42 64
note 406 408 10 42 64
note 410 412 10 42 64
note 412 414 10 42 64
note 418 420 10 42 64
note 422 424 10 42 64
note 424 428 10 42 64
note 430 432 10 42 64
note 434 436 10 42 64
note 436 438 10 42 64
note 442 444 10 42 64
note 446 448 10 42 64
note 448 452 10 42 64
note 454 456 10 42 64
note 458 460 10 42 64
note 460 462 10 42 64
note 466 468 10 42 64
note 470 472 10 42 64
note 472 476 10 42 64
note 478 480 10 42 64
note 482 484 10 42 64
note 484 486 10 42 64
note 490 492 10 42 64
note 494 496 10 42 64
note 496 500 10 42 64
note 502 504 10 42 64
note 506 508 10 42 64
note 508 510 10 42 64
note 514 516 10 42 64
note 518 520 10 42 64
note 520 524 10 42 64
note 526 528 10 42 64
note 530 532 10 42 64
note 532 534 10 42 64
note 538 540 10 42 64
note 542 544 10 42 64
note 544 548 10 42 64
note 550 552 10 42 64
note 554 556 10 42 64
note 556 558 10 42 64
note 562 564 10 42 64
note 566 568 10 42 64
note 568 572 10 42 64
note 574 576 10 42 64
note 578 580 10 42 64
note 580 582 10 42 64
note 586 588 10 42 64
note 590 592 10 42 64
note 592 596 10 42 64
note 598 600 10 42 64
note 602 604 10 42 64
note 604 606 10 42 64
note 610 612 10 42 64
note 614 616 10 42 64
note 616 620 10 42 64
note 622 624 10 42 64
note 626 628 10 42 64
note 628 632 10 42 64
note 634 636 10 42 64
note 637 641 10 42 64
note 643 645 10 42 64
note 646 650 10 42 64
note 652 656 10 42 64
note 661 665 10 42 64
note 667 669 10 42 64
note 670 672 10 42 64
note 673 675 10 42 64
note 676 680 10 42 64
note 682 684 10 42 64
note 685 689 10 42 64
note 691 693 10 42 64
note 694 698 10 42 64
note 700 704 10 42 64
note 709 713 10 42 64
note 715 717 10 42 64
note 718 720 10 42 64
note 721 723 10 42 64
note 724 728 10 42 64
note 730 732 10 42 64
note 733 737 10 42 64
note 739 741 10 42 64
note 742 746 10 42 64
note 748 752 10 42 64
note 757 761 10 42 64
note 763 765 10 42 64
note 766 768 10 42 64
note 769 771 10 42 64
note 772 776 10 42 64
note 778 780 10 42 64
note 781 785 10 42 64
note 787 789 10 42 64
note 790 794 10 42 64
note 796 800 10 42 64
note 805 809 10 42 64
note 811 813 10 42 64
note 814 816 10 42 64
note 817 819 10 42 64
note 820 822 10 42 64
note 826 828 10 42 64
note 830 832 10 42 64
note 832 836 10 42 64
note 838 840 10 42 64
note 842 844 10 42 64
note 844 846 10 42 64
note 850 852 10 42 64
note 854 856 10 42 64
note 856 860 10 42 64
note 862 864 10 42 64
note 866 868 10 42 64
note 868 870 10 42 64
note 874 876 10 42 64
note 878 880 10 42 64
note 880 884 10 42 64
note 886 888 10 42 64
note 890 892 10 42 64
note 892 894 10 42 64
note 898 900 10 42 64
note 902 904 10 42 64
note 904 908 10 42 64
note 910 912 10 42 64
note 914 916 10 42 64
note 916 918 10 42 64
note 922 924 10 42 64
note 926 928 10 42 64
note 928 932 10 42 64
note 934 936 10 42 64
note 938 940 10 42 64
note 940 942 10 42 64
note 946 948 10 42 64
note 950 952 10 42 64
note 952 956 10 42 64
note 958 960 10 42 64
note 962 964 10 42 64
note 964 966 10 42 64
note 970 972 10 42 64
note 974 976 10 42 64
note 976 980 10 42 64
note 982 984 10 42 64
note 986 988 10 42 64
note 988 990 10 42 64
note 994 996 10 42 64
note 998 1000 10 42 64
note 1000 1004 10 42 64
note 1006 1008 10 42 64
note 1010 1012 10 42 64
note 1012 1014 10 42 64
note 1021 1023 10 42 64
note 1024 1028 10 42 64
note 1030 1032 10 42 64
note 1036 1038 10 42 64
note 1045 1047 10 42 64
note 1048 1052 10 42 64
note 1054 1056 10 42 64
note 1060 1062 10 42 64
note 1069 1071 10 42 64
note 1072 1076 10 42 64
note 1078 1080 10 42 64
note 1084 1086 10 42 64
note 1093 1095 10 42 64
note 1096 1100 10 42 64
note 1102 1104 10 42 64
note 1108 1110 10 42 64
note 1117 1119 10 42 64
note 1120 1124 10 42 64
note 1126 1128 10 42 64
note 1132 1134 10 42 64
note 1141 1143 10 42 64
note 1144 1148 10 42 64
note 1150 1152 10 42 64
note 1156 1158 10 42 64
note 1165 1167 10 42 64
note 1168 1172 10 42 64
note 1174 1176 10 42 64
note 1180 1182 10 42 64
note 1189 1191 10 42 64
note 1192 1196 10 42 64
note 1198 1200 10 42 64
note 1204 1206 10 42 64
note 1213 1215 10 42 64
note 1216 1220 10 42 64
note 1222 1224 10 42 64
note 1228 1230 10 42 64
note 1237 1239 10 42 64
note 1240 1244 10 42 64
note 1246 1248 10 42 64
note 1252 1254 10 42 64
note 1261 1263 10 42 64
note 1264 1268 10 42 64
note 1270 1272 10 42 64
note 1276 1278 10 42 64
note 1285 1287 10 42 64
note 1288 1292 10 42 64
note 1294 1296 10 42 64
note 1300 1302 10 42 64
note 1309 1311 10 42 64
note 1312 1316 10 42 64
note 1318 1320 10 42 64
note 1324 1326 10 42 64
note 1333 1335 10 42 64
note 1336 1340 10 42 64
note 1342 1344 10 42 64
note 1348 1350 10 42 64
note 1357 1359 10 42 64
note 1360 1364 10 42 64
note 1366 1368 10 42 64
note 1372 1374 10 42 64
note 1381 1383 10 42 64
note 1384 1388 10 42 64
note 1390 1392 10 42 64
note 1396 1400 10 42 64
note 1402 1404 10 42 64
note 1405 1409 10 42 64
note 1411 1413 10 42 64
note 1414 1418 10 42 64
note 1420 1424 10 42 64
note 1429 1433 10 42 64
note 1435 1437 10 42 64
note 1438 1440 10 42 64
note 1441 1443 10 42 64
note 1444 1448 10 42 64
note 1450 1452 10 42 64
note 1453 1457 10 42 64
note 1459 1461 10 42 64
note 1462 1466 10 42 64
note 1468 1472 10 42 64
note 1477 1481 10 42 64
note 1483 1485 10 42 64
note 1486 1488 10 42 64
note 1489 1491 10 42 64
note 1492 1496 10 42 64
note 1498 1500 10 42 64
note 1501 1505 10 42 64
note 1507 1509 10 42 64
note 1510 1514 10 42 64
note 1516 1520 10 42 64
note 1525 1529 10 42 64
note 1531 1533 10 42 64
note 1534 1536 10 42 64
note 1537 1539 10 42 64
note 1540 1544 10 42 64
note 1546 1548 10 42 64
note 1549 1553 10 42 64
note 1555 1557 10 42 64
note 1558 1562 10 42 64
note 1564 1568 10 42 64
note 1573 1577 10 42 64
note 1579 1581 10 42 64
note 1582 1584 10 42 64
note 1585 1587 10 42 64
note 1588 1590 10 42 64
note 1597 1599 10 42 64
note 1600 1604 10 42 64
note 1606 1608 10 42 64
note 1612 1614 10 42 64
note 1621 1623 10 42 64
note 1624 1628 10 42 64
note 1630 1632 10 42 64
note 1636 1638 10 42 64
note 1645 1647 10 42 64
note 1648 1652 10 42 64
note 1654 1656 10 42 64
note 1660 1662 10 42 64
note 1669 1671 10 42 64
note 1672 1676 10 42 64
note 1678 1680 10 42 64
note 1684 1686 10 42 64
note 1693 1695 10 42 64
note 1696 1700 10 42 64
note 1702 1704 10 42 64
note 1708 1710 10 42 64
note 1717 1719 10 42 64
note 1720 1724 10 42 64
note 1726 1728 10 42 64
note 1732 1734 10 42 64
note 1741 1743 10 42 64
note 1744 1748 10 42 64
note 1750 1752 10 42 64
note 1756 1758 10 42 64
note 1765 1767 10 42 64
note 1768 1772 10 42 64
note 1774 1776 10 42 64